#' ltc: A Collection of Art-inspired Colour Palettes
#'
#' This package provides a collection of color palettes inspired by
#' art, nature, and personal preferences. Each palette has a backstory,
#' providing context and meaning to the colors.
#'
#' @name ltc

#' @title List of colour palettes
#' @description A list containing predefined colour palettes with artistic backstories.
#' @export
palettes <- list(
  paloma = c("#83AF9B","#C8C8A9","#f8da8a","#f7bf95","#fe8ca1"),
  maya = c("#3d5a80","#98c1d9","#e0fbfc","#ee6c4d","#293241"),
  dora = c("#52777A","#542437","#C02942","#D95B43","#ECD078"),
  ploen = c("#3F5671","#83A1C3","#CEB5C8","#FAC898","#B17776"),
  olga = c("#c9e3c2","#8bc8cb","#eccd80","#f5ab70","#9c87a1"),
  mterese = c("#f7ddaa","#fac3ad","#f897a1","#9298BA","#9cbeed"),
  gaby = c("#fceaab","#f1a890","#a8c4cc","#82A0C2","#85496F"),
  franscoise = c("#5980B1","#b96a8d","#A55062","#E05256","#E9A986"),
  fernande = c("#ff7676","#F9D662","#7cab7d","#75B7D1"),
  sylvie = c("#E8B961","#E88170","#C6BDE8","#5DB7C4","#FD95BC"),
  expevo = c("#FC4E07","#E7B800","#00AFBB","#8B4769","#1d457f","#808080"),
  minou = c("#00798c","#d1495b","#edae49","#66a182","#2e4057","#8d96a3"),
  kiss = c("#FF7C7E","#FEC300","#9E3F71","#31BCBA","#E20035"),
  hat = c('#efb306','#eb990c','#e8351e','#cd023d','#852f88','#4e54ac','#0f8096','#7db954','#17a769','#000000'),
  reading = c("#EFBC68","#919F89","#EDBDAE","#57717C","#5F97A4","#CAEAC8","#95A1AE","#C8CFD6"),
  alger = c("#000000","#1A5B5B","#ACC8BE","#F4AB5C","#D1422F"),
  trio1 = c("#0E7175","#FD7901","#C35BCA"),
  trio2 = c("#89973D","#E8B92F","#A45E41"),
  trio3 = c("#E69F00", "#56B4E9", "#009E73"),
  trio4 = c("#94475E","#364C54","#E5A11F"),
  heatmap0 = c("#001219","#005F73","#0A9396","#94D2BD","#E9D8A6","#EE9B00","#CA6702","#AE2012","#9B2226"),
  pantone23 = c("#7A92A5","#1F2C43","#FFB000","#842c48","#46483d"),
  remains = c("#69326E", "#EEEDC0", "#FF6D1F", "#EED455"),
  midnight = c("#16232A", "#FF5B04", "#075056", "#E4EEF0"),
  lincoln = c("#EEE9DF", "#C9C1B1", "#2C3B4D", "#FFB162", "#A35139", "#1B2632"),
  luminaries = c("#FF5B04", "#075056", "#233038", "#FDF6E3", "#F4D47C", "#D3DBDD"),
  seafarer = c("#013D5A", "#FCF3E3", "#BDD3CE", "#708C69", "#E4A25B"),
  shuggie = c("#5B5F8D", "#9BB29E", "#DA6B51", "#F1DCBA", "#484149"),
  heatmap1 = c("#4d7799", "#7fa4c4", "#c5c8d4", "#d48e95", "#b5515b"),
  heatmap2 = c("#ca0020", "#f4a582", "#f7f7f7", "#92c5de", "#0571b0"),
  heatmap3 = c("#d7191c", "#fdae61", "#ffffbf", "#abd9e9", "#2c7bb6")
)

#' @title Select a Colour Palette from ltc
#' @description This function provides the desired colour palette by name.
#' You can call it with or without quotes: ltc(paloma) or ltc("paloma")
#'
#' @param name Character or unquoted name. The name of the desired palette.
#' @param n Integer. The number of colors you want from the palette.
#' If omitted, it uses all colors from the palette.
#' @param type The type of palette. Either "discrete" or "continuous".
#' @return A vector of hex color codes with class "ltc"
#' @examples
#' # Load a palette (with or without quotes)
#' ltc(paloma)
#' ltc("maya")
#'
#' # Select first 3 colors
#' ltc(maya, n = 3)
#'
#' # Generate continuous palette
#' ltc(remains, n = 10, type = "continuous")
#' @export
ltc <- function(name, n, type = c("discrete", "continuous")) {
  type <- match.arg(type)

  # Capture the name argument (allows both quoted and unquoted)
  name_expr <- substitute(name)

  # Convert to character
  if (is.character(name_expr)) {
    palette_name <- name_expr
  } else {
    palette_name <- as.character(name_expr)
  }

  pal <- palettes[[palette_name]]
  if (is.null(pal)) {
    stop("Palette '", palette_name, "' not found. Use names(palettes) to see available palettes.")
  }

  if (missing(n)) {
    n <- length(pal)
  }

  if (type == "discrete" && n > length(pal)) {
    stop("Number of requested colors greater than what palette can offer")
  }

  out <- switch(type,
                continuous = grDevices::colorRampPalette(pal)(n),
                discrete = pal[1:n]
  )

  structure(out, class = "ltc", name = palette_name)
}

#' @title Print Method for ltc Objects
#' @description Custom print method that displays the palette name followed
#' by hex color codes with actual colors visible in the console.
#' @param x An ltc palette object
#' @param ... Additional arguments (currently unused)
#' @return Invisibly returns the palette object
#' @export
print.ltc <- function(x, ...) {
  palette_name <- attr(x, "name")

  # Check if crayon is available for colored output
  has_crayon <- requireNamespace("crayon", quietly = TRUE)

  cat(palette_name, "\n", sep = "")

  if (has_crayon && crayon::has_color()) {
    # Print with actual colors as background with black squares
    for (color in x) {
      cat(crayon::make_style(color, bg = TRUE)("  "), " ", color, "\n", sep = "")
    }
  } else {
    # Fallback: just print hex codes
    cat(paste(x, collapse = "\n"), "\n", sep = "")
  }

  invisible(x)
}

#' @title Information about the Colour Palettes
#' @description This dataframe contains the backstory or inspiration behind each color palette.
#' @export
info <- data.frame(
  palette_name = c("paloma",
                   "maya",
                   "dora",
                   "ploen",
                   "olga",
                   "mterese",
                   "gaby",
                   "franscoise",
                   "fernande",
                   "sylvie",
                   "expevo",
                   "minou",
                   "kiss",
                   "hat",
                   "reading",
                   "alger",
                   "trio1",
                   "trio2",
                   "trio3",
                   "trio4",
                   "heatmap0",
                   "pantone23",
                   "remains",
                   "midnight",
                   "lincoln",
                   "luminaries",
                   "seafarer",
                   "shuggie",
                   "heatmap1",
                   "heatmap2",
                   "heatmap3"),